      0/99     7.35G    0.0742   0.01017         0   0.08438         6       640 0.0002386  0.003077 8.059e-06 1.199e-06    0.1256   0.01635         0
      1/99     7.41G   0.05985  0.005516         0   0.06536         2       640  0.008811   0.04615  0.005753 0.0009832     0.139   0.01256         0
      2/99     7.41G   0.05639   0.00554         0   0.06193         8       640 0.0003198  0.006154 5.497e-06 5.497e-07    0.1508  0.007486         0
      3/99     7.41G   0.06224  0.005791         0   0.06803         7       640         0         0         0         0    0.1105   0.01662         0
      4/99     7.41G   0.06996  0.006122         0   0.07609         4       640         0         0         0         0    0.1051   0.01764         0
      5/99     7.41G   0.07555  0.006254         0    0.0818         5       640         0         0         0         0    0.1051   0.01701         0
      6/99     7.41G   0.07432  0.006432         0   0.08075         4       640     0.025   0.01231  0.002055  0.001087     0.104   0.01708         0
      7/99     7.41G   0.06238  0.007154         0   0.06954         4       640   0.02096   0.07385  0.009599  0.002107   0.09658   0.01781         0
      8/99     7.41G   0.04809  0.007685         0   0.05577         5       640    0.1901    0.1723     0.112   0.03544   0.08973   0.01838         0
      9/99     7.41G   0.04119  0.007063         0   0.04825         4       640    0.2832    0.4154    0.2147    0.0753   0.09175   0.01628         0
     10/99     7.41G   0.03921  0.006801         0   0.04601         7       640    0.5267    0.4369    0.3949    0.1525    0.0848   0.01618         0
     11/99     7.41G    0.0368  0.006279         0   0.04308         3       640    0.6119     0.461    0.4651    0.1937   0.08498   0.01491         0
     12/99     7.41G   0.03518  0.006133         0   0.04131         6       640    0.5478    0.5169    0.5071    0.2032   0.08481   0.01495         0
     13/99     7.41G   0.03505  0.005864         0   0.04091         1       640    0.6301    0.4523    0.4932    0.2097   0.08392    0.0148         0
     14/99     7.41G   0.03521  0.006006         0   0.04121         3       640    0.6336    0.4277    0.4869    0.2163   0.07969   0.01557         0
     15/99     7.41G   0.03682  0.006071         0   0.04289         4       640    0.5133    0.4153    0.4287    0.1869   0.08376   0.01544         0
     16/99     7.41G   0.03602  0.006053         0   0.04207         5       640    0.5789      0.52    0.5173    0.2159   0.08173   0.01506         0
     17/99     7.41G   0.03649   0.00593         0   0.04242        10       640    0.6681     0.446    0.5135    0.2268   0.08224     0.015         0
     18/99     7.41G   0.03456  0.005797         0   0.04036         2       640    0.5804     0.532    0.5298    0.2197   0.08222   0.01458         0
     19/99     7.41G   0.03435  0.005697         0   0.04005         9       640    0.6227     0.523    0.5606    0.2408   0.08192   0.01495         0
     20/99     7.41G   0.03396  0.005972         0   0.03993         5       640    0.6151    0.5077    0.5363    0.2335   0.07991   0.01487         0
     21/99     7.41G   0.03327   0.00579         0   0.03906         8       640    0.5913    0.5569     0.552     0.245   0.08111   0.01502         0
     22/99     7.41G   0.03333   0.00593         0   0.03926         7       640    0.5487    0.5323    0.5182    0.2298   0.07962    0.0153         0
     23/99     7.41G   0.03388  0.006044         0   0.03992        10       640    0.5744    0.5292    0.5515     0.225   0.08309   0.01467         0
     24/99     7.41G   0.03316  0.005794         0   0.03895         4       640    0.6759    0.5197    0.5671    0.2363   0.08177   0.01482         0
     25/99     7.41G   0.03264  0.005616         0   0.03825         6       640    0.6511    0.5415    0.5624    0.2503   0.08064   0.01535         0
     26/99     7.41G   0.03201  0.005734         0   0.03775         1       640     0.622    0.5015    0.5632    0.2397   0.08206   0.01472         0
     27/99     7.41G   0.03237  0.005815         0   0.03818         6       640    0.5891    0.5689    0.5788    0.2584    0.0808   0.01457         0
     28/99     7.41G   0.03253  0.005747         0   0.03827         3       640    0.6188    0.5446    0.5657    0.2517   0.08266   0.01509         0
     29/99     7.41G   0.03182   0.00567         0   0.03749         4       640    0.5327    0.5717     0.552      0.24   0.08539   0.01451         0
     30/99     7.41G   0.03916  0.006305         0   0.04547         8       640    0.4688    0.4462    0.3966    0.1435   0.08799    0.0162         0
     31/99     7.41G   0.03715  0.006155         0    0.0433         6       640    0.5934    0.5723    0.5475    0.2406   0.08225   0.01521         0
     32/99     7.41G   0.03324  0.005978         0   0.03922         5       640    0.6833    0.4646    0.5397    0.2437   0.08246   0.01524         0
     33/99     7.41G   0.03306  0.005921         0   0.03898        15       640    0.6259    0.5385    0.5557    0.2467   0.08389   0.01461         0
     34/99     7.41G   0.03198  0.005823         0    0.0378        12       640    0.6253    0.5289    0.5581    0.2399    0.0834   0.01482         0
     35/99     7.41G   0.03326   0.00569         0   0.03895         5       640    0.5764    0.5662    0.5726    0.2495    0.0831   0.01494         0
     36/99     7.41G   0.03178  0.005467         0   0.03724         3       640    0.6303    0.5569    0.5879    0.2641   0.07971   0.01491         0
     37/99     7.41G   0.03285  0.005679         0   0.03852         6       640    0.6457    0.5354    0.5888    0.2748   0.07939   0.01502         0
     38/99     7.41G   0.03084  0.005661         0    0.0365         3       640    0.6863    0.5323    0.6186    0.2836    0.0795   0.01537         0
     39/99     7.41G    0.0324  0.005758         0   0.03816         9       640    0.6023    0.5969    0.5766    0.2659   0.08008   0.01517         0
     40/99     7.41G   0.03248   0.00565         0   0.03813         9       640    0.6893    0.4862    0.5784    0.2629   0.07798   0.01559         0
     41/99     7.41G   0.03266  0.005838         0   0.03849         7       640    0.6195    0.5723     0.601    0.2697   0.07805   0.01525         0
     42/99     7.41G   0.03035  0.005676         0   0.03603         6       640    0.6387      0.56    0.6061    0.2829   0.07995    0.0149         0
     43/99     7.41G   0.02983  0.005666         0   0.03549         3       640    0.6544    0.5723    0.6154    0.2835   0.08097   0.01466         0
     44/99     7.41G   0.03091  0.005654         0   0.03656         9       640    0.6354    0.6031      0.63    0.2947   0.07844   0.01483         0
     45/99     7.41G   0.03043  0.005737         0   0.03616         6       640    0.6414    0.5846    0.6359    0.2971   0.07869   0.01504         0
     46/99     7.41G   0.03022  0.005522         0   0.03575         7       640    0.7235    0.5474    0.6315    0.2926   0.07984   0.01483         0
     47/99     7.41G   0.03014  0.005467         0   0.03561         2       640    0.6992    0.5877     0.652    0.3024   0.08061   0.01439         0
     48/99     7.41G   0.03096  0.005528         0   0.03649         6       640    0.6633       0.6    0.6481    0.3031   0.07967   0.01496         0
     49/99     7.41G   0.02972  0.005605         0   0.03533         5       640    0.6197    0.6277    0.6338    0.2952   0.07797   0.01525         0
     50/99     7.41G   0.03043  0.005563         0   0.03599         8       640     0.762    0.5323     0.643    0.2926   0.07972   0.01477         0
     51/99     7.41G   0.03015  0.005679         0   0.03583         5       640    0.7165    0.5288    0.6272    0.2938   0.07915   0.01483         0
     52/99     7.41G    0.0303   0.00571         0   0.03601         8       640    0.6642    0.5781      0.63     0.298   0.07872   0.01472         0
     53/99     7.41G    0.0308  0.005516         0   0.03632         4       640    0.7247    0.5292    0.6307    0.2965   0.07971   0.01463         0
     54/99     7.41G   0.02952  0.005506         0   0.03503         8       640    0.6343    0.5657    0.6141     0.284   0.07915   0.01472         0
     55/99     7.41G   0.02891  0.005522         0   0.03443         8       640     0.639    0.5508    0.6237    0.2984   0.07887   0.01521         0
     56/99     7.41G   0.02903  0.005528         0   0.03456         4       640     0.622    0.5938    0.6409    0.3004   0.07813   0.01509         0
     57/99     7.41G    0.0294  0.005615         0   0.03501         4       640    0.7249    0.5446    0.6393    0.2971   0.07776   0.01511         0
     58/99     7.41G   0.02818  0.005439         0   0.03362         9       640    0.6595    0.5569    0.6298    0.2905   0.07869   0.01492         0
     59/99     7.41G   0.02916  0.005503         0   0.03466         7       640    0.7098    0.5718    0.6505    0.3022   0.07823   0.01481         0
     60/99     7.41G   0.02824  0.005604         0   0.03385        11       640    0.6492    0.5938    0.6542    0.3158   0.07803   0.01493         0
     61/99     7.41G   0.02889  0.005474         0   0.03437         2       640    0.7769    0.5046    0.6443    0.3026   0.07797   0.01498         0
     62/99     7.41G   0.03015  0.005569         0   0.03572         8       640    0.6061    0.6462    0.6421     0.299   0.08019    0.0146         0
     63/99     7.41G   0.02914  0.005567         0    0.0347         5       640    0.6537    0.5751    0.6385    0.2988   0.07882   0.01496         0
     64/99     7.41G   0.02937  0.005405         0   0.03477         7       640    0.7225    0.5446    0.6417    0.3102   0.07846   0.01508         0
     65/99     7.41G   0.02885  0.005615         0   0.03446         6       640    0.6667    0.5754    0.6433     0.304   0.07816   0.01507         0
     66/99     7.41G   0.02871  0.005524         0   0.03423         3       640     0.709    0.5631    0.6647     0.308   0.07727   0.01506         0
     67/99     7.41G   0.02834  0.005543         0   0.03388         4       640    0.5906     0.679    0.6647    0.3175   0.07784   0.01475         0
     68/99     7.41G   0.02807  0.005403         0   0.03347         3       640    0.6653    0.5815    0.6387    0.3094   0.07833   0.01461         0
     69/99     7.41G   0.02848   0.00536         0   0.03384         4       640    0.7261    0.5354    0.6499    0.3092   0.07721   0.01501         0
     70/99     7.41G   0.02814  0.005512         0   0.03365         9       640    0.6847    0.5747    0.6483    0.3179   0.07866   0.01484         0
     71/99     7.41G   0.02881  0.005356         0   0.03417         5       640    0.6596    0.5785     0.654    0.3206   0.07907   0.01451         0
     72/99     7.41G   0.02769  0.005407         0    0.0331         7       640    0.6352    0.6215     0.664    0.3187   0.07854   0.01468         0
     73/99     7.41G   0.02826  0.005497         0   0.03376        11       640    0.6161    0.6277    0.6592    0.3127   0.07796    0.0149         0
     74/99     7.41G   0.02806  0.005307         0   0.03336         4       640     0.602    0.6585    0.6776    0.3248   0.07762   0.01492         0
     75/99     7.41G   0.02757  0.005292         0   0.03286         3       640    0.6269    0.6369    0.6672    0.3134   0.07709   0.01487         0
     76/99     7.41G   0.02788  0.005566         0   0.03344         5       640    0.7146    0.5323    0.6445    0.3055   0.07731   0.01528         0
     77/99     7.41G   0.02901  0.005341         0   0.03435         7       640    0.7666    0.5569    0.6697    0.3124   0.07651   0.01502         0
     78/99     7.41G   0.02955  0.005426         0   0.03498         3       640    0.7129    0.5655    0.6623    0.3151   0.07593   0.01507         0
     79/99     7.41G   0.02813  0.005509         0   0.03364         5       640    0.6864      0.56    0.6565     0.314   0.07609   0.01507         0
     80/99     7.41G   0.02878  0.005392         0   0.03418         5       640    0.6598    0.5907    0.6659     0.315    0.0762   0.01494         0
     81/99     7.41G   0.02951  0.005434         0   0.03494         7       640    0.7088    0.5692    0.6654     0.323   0.07641   0.01492         0
     82/99     7.41G   0.02915  0.005372         0   0.03452         1       640    0.6213    0.6215     0.651    0.3153   0.07591   0.01512         0
     83/99     7.41G   0.02912  0.005428         0   0.03455         5       640     0.637    0.6246    0.6653    0.3203   0.07604   0.01526         0
     84/99     7.41G   0.03026  0.005413         0   0.03568         7       640       0.7    0.5673    0.6592    0.3128   0.07654   0.01491         0
     85/99     7.41G   0.02843  0.005438         0   0.03386         2       640    0.5999    0.6615    0.6704    0.3229   0.07656   0.01491         0
     86/99     7.41G   0.02847  0.005362         0   0.03383         2       640    0.7054    0.5846    0.6775    0.3256   0.07636   0.01487         0
     87/99     7.41G   0.02851    0.0053         0   0.03381         9       640    0.6675    0.6123    0.6699    0.3193   0.07616   0.01515         0
     88/99     7.41G   0.03008  0.005453         0   0.03553         7       640    0.7413    0.5379    0.6634    0.3189   0.07631   0.01493         0
     89/99     7.41G   0.02911  0.005578         0   0.03469         4       640    0.6059    0.6338    0.6606    0.3148   0.07604   0.01489         0
     90/99     7.41G   0.02999  0.005451         0   0.03544         8       640      0.64    0.6246    0.6698    0.3198   0.07624   0.01497         0
     91/99     7.41G    0.0302   0.00539         0   0.03559         3       640     0.608    0.6554    0.6758    0.3188   0.07568   0.01491         0
     92/99     7.41G   0.02945  0.005385         0   0.03483         3       640    0.6256    0.6431    0.6663    0.3206   0.07592   0.01493         0
     93/99     7.41G   0.02929  0.005364         0   0.03466         3       640    0.6693    0.5915    0.6675    0.3153   0.07531   0.01507         0
     94/99     7.41G   0.02971  0.005579         0   0.03528         9       640    0.5766    0.6862    0.6668    0.3219   0.07562    0.0149         0
     95/99     7.41G    0.0294  0.005369         0   0.03477         3       640    0.6186    0.6492    0.6762    0.3218   0.07533   0.01515         0
     96/99     7.41G   0.02924  0.005554         0    0.0348         5       640    0.6059    0.6492    0.6691    0.3229   0.07432   0.01546         0
     97/99     7.41G   0.02956  0.005378         0   0.03494         6       640    0.6214    0.6523    0.6681    0.3234   0.07548   0.01515         0
     98/99     7.41G   0.03072  0.005637         0   0.03636        14       640    0.6807    0.5839    0.6663    0.3268   0.07469    0.0153         0
     99/99     7.41G   0.03073  0.005363         0    0.0361         6       640    0.6848    0.5749    0.6657    0.3217   0.07507    0.0152         0
